0PYR9XJ22Q2SWHY1-alphavantage.com
F59ghoMsl1hhYjF2ewjsbJyKa77Y1R8m-massive.com

Jan 29, 2026	609.24	645.67	607.56	622.51	622.51	3,200,255
Jan 28, 2026	592.90	599.32	583.00	597.27	597.27	1,324,000
Jan 27, 2026	580.00	595.87	573.82	594.95	594.95	1,710,700
Jan 26, 2026	590.00	590.40	575.63	581.66	581.66	1,460,500
Jan 23, 2026	594.64	596.23	586.01	590.82	590.82	1,271,700
Jan 22, 2026	585.18	595.95	582.50	593.91	593.91	1,493,600
Jan 21, 2026	576.06	588.97	576.06	586.23	586.23	1,817,700
Jan 20, 2026	580.00	586.85	573.39	576.06	576.06	1,521,900
Jan 16, 2026	578.21	582.93	577.42	582.43	582.43	2,375,700
Jan 15, 2026	568.66	579.60	559.73	577.89	577.89	1,763,400
Jan 14, 2026	556.99	578.04	556.12	572.70	572.70	2,643,100
Jan 13, 2026	560.02	563.30	550.84	558.30	558.30	2,013,000
Jan 12, 2026	548.96	554.27	540.31	551.24	551.24	2,970,000
Jan 9, 2026	525.88	546.07	525.88	542.92	542.92	2,647,700
Jan 8, 2026	531.89	542.87	513.01	518.44	518.44	4,108,800
Jan 7, 2026	525.31	532.38	496.00	496.87	496.87	4,084,900
Jan 6, 2026	517.06	538.73	517.06	522.04	522.04	2,813,100
Jan 5, 2026	503.93	515.88	503.00	511.57	511.57	1,982,600
Jan 2, 2026	483.25	497.16	476.54	497.07	497.07	1,126,100
Dec 31, 2025	489.00	489.68	483.52	483.67	483.67	669,900
Dec 30, 2025	489.34	491.70	487.94	488.00	488.00	996,400
Dec 29, 2025	483.83	489.43	483.29	488.87	488.87	933,400
Dec 26, 2025	485.20	487.06	481.18	483.03	483.03	605,700
Dec 24, 2025	485.00	491.18	484.45	485.75	485.75	581,600
Dec 23, 2025	484.00	484.95	481.00	482.55	482.55	864,000
Dec 22, 2025	474.96	485.02	474.96	483.57	483.57	1,120,600
Dec 19, 2025	466.34	475.72	464.88	474.13	474.13	2,826,500
Dec 18, 2025	472.41	476.20	469.00	470.14	470.14	1,363,900
Dec 17, 2025	471.00	476.89	462.25	474.79	474.79	1,989,200
Dec 16, 2025	479.61	479.79	473.86	477.06	477.06	1,262,400
Dec 15, 2025	478.99	484.77	477.24	484.42	484.42	1,002,300
Dec 12, 2025	475.66	480.84	470.79	480.25	480.25	1,384,300
Dec 11, 2025	470.29	479.70	470.29	474.88	474.88	1,294,000
Dec 10, 2025	465.21	473.08	455.88	467.94	467.94	2,313,600
Dec 9, 2025	466.28	472.81	465.00	466.89	466.89	1,102,300
Dec 8, 2025	453.50	465.56	451.48	465.38	465.38	1,390,700
Dec 5, 2025	447.78	452.82	446.41	452.20	452.20	1,290,500
Dec 4, 2025	448.18	449.53	445.43	448.35	448.35	1,283,700
Dec 3, 2025	443.41	448.47	439.05	446.80	446.80	1,751,500
Dec 2, 2025	440.98	442.75	437.25	441.82	441.82	1,535,600
Dec 1, 2025	3.45 Dividend
Dec 1, 2025	453.28	454.09	438.50	439.19	439.19	1,659,200
Nov 28, 2025	454.54	457.86	452.61	457.86	454.41	748,000
Nov 26, 2025	453.30	457.26	452.98	454.16	450.74	1,299,800
Nov 25, 2025	451.06	454.03	448.48	452.41	449.00	1,615,900
Nov 24, 2025	459.43	461.19	450.06	451.06	447.66	1,411,200
Nov 21, 2025	468.60	469.40	459.96	460.78	457.31	1,575,300
Nov 20, 2025	473.88	477.43	465.02	468.26	464.73	1,044,900
Nov 19, 2025	472.00	472.42	468.30	469.91	466.37	861,300
Nov 18, 2025	475.22	485.00	471.20	474.72	471.14	1,242,100
Nov 17, 2025	467.28	471.60	464.72	470.78	467.23	1,822,400
Nov 14, 2025	455.85	466.39	454.00	465.77	462.26	1,177,300
Nov 13, 2025	458.01	460.91	455.10	455.85	452.42	819,600
Nov 12, 2025	456.14	459.77	455.22	457.04	453.60	935,400
Nov 11, 2025	451.77	461.77	451.00	457.07	453.63	1,322,100
Nov 10, 2025	456.00	457.10	448.48	452.10	448.69	1,630,100
Nov 7, 2025	468.90	469.41	456.20	458.35	454.90	2,514,500
Nov 6, 2025	473.11	474.18	466.11	468.92	465.39	1,093,600
Nov 5, 2025	483.02	485.85	473.14	473.14	469.57	1,708,000
Nov 4, 2025	484.46	488.50	481.00	484.98	481.33	1,169,300
Nov 3, 2025	491.00	491.51	484.75	487.94	484.26	846,600
Oct 31, 2025	489.00	493.61	486.05	491.88	488.17	1,185,000
Oct 30, 2025	485.57	494.46	485.50	489.72	486.03	1,081,000
Oct 29, 2025	485.00	488.82	483.67	485.33	481.67	971,500
Oct 28, 2025	486.37	489.40	483.62	485.77	482.11	1,220,600
Oct 27, 2025	484.08	487.31	479.87	486.91	483.24	1,423,200
Oct 24, 2025	490.28	491.82	484.08	485.41	481.75	1,368,400
Oct 23, 2025	488.12	493.98	486.52	488.05	484.37	1,445,700
Oct 22, 2025	491.47	492.41	482.54	487.14	483.47	1,725,700
Oct 21, 2025	482.71	506.60	482.71	489.50	485.81	2,870,000
Oct 20, 2025	496.43	505.90	496.43	505.90	502.09	1,433,300
Oct 17, 2025	490.48	496.68	488.10	495.15	491.42	1,915,500
Oct 16, 2025	500.74	501.31	492.00	493.25	489.53	1,099,700
Oct 15, 2025	503.00	505.00	485.48	499.41	495.65	1,678,500
Oct 14, 2025	501.25	507.00	499.00	505.18	501.37	1,078,000
Oct 13, 2025	502.30	507.43	500.00	503.83	500.03	926,700
Oct 10, 2025	508.83	513.45	500.54	505.05	501.24	1,313,800
Oct 9, 2025	513.89	515.19	503.81	507.76	503.93	1,186,000
Oct 8, 2025	515.25	516.00	511.22	514.02	510.15	798,400
Oct 7, 2025	514.20	515.98	509.14	511.07	507.22	922,400
Oct 6, 2025	506.63	515.43	506.63	514.24	510.37	1,389,700
Oct 3, 2025	499.42	506.81	499.25	504.49	500.69	1,006,500
Oct 2, 2025	499.24	503.60	497.01	499.36	495.60	915,500
Oct 1, 2025	496.17	504.07	495.00	499.00	495.24	1,187,000
Sep 30, 2025	492.58	499.89	491.14	499.21	495.45	1,312,700
Sep 29, 2025	497.00	498.99	489.22	491.98	488.27	1,391,100
Sep 26, 2025	487.91	490.75	484.57	487.44	483.77	913,900
Sep 25, 2025	489.58	490.74	484.06	484.34	480.69	1,205,700
Sep 24, 2025	487.15	495.24	485.51	486.25	482.59	1,424,200
Sep 23, 2025	480.90	486.78	479.34	486.67	483.00	1,135,500
Sep 22, 2025	473.67	482.07	473.01	480.39	476.77	1,409,800
Sep 19, 2025	474.23	477.00	471.38	472.94	469.38	2,839,100
Sep 18, 2025	471.12	474.36	467.99	473.62	470.05	1,107,700
Sep 17, 2025	474.93	477.19	472.64	473.12	469.56	1,016,500
Sep 16, 2025	473.59	478.44	471.67	474.32	470.75	1,156,900
Sep 15, 2025	471.47	474.29	468.99	473.25	469.68	1,148,300
Sep 12, 2025	468.93	472.98	467.17	471.31	467.76	1,041,100
Sep 11, 2025	463.85	472.40	462.99	470.73	467.18	1,623,700
Sep 10, 2025	456.21	464.38	455.71	463.87	460.37	1,076,900
Sep 9, 2025	457.61	457.87	452.42	457.06	453.62	1,008,400
Sep 8, 2025	462.93	462.93	452.77	459.11	455.65	1,477,600
Sep 5, 2025	456.77	463.98	456.77	463.90	460.40	1,465,200
Sep 4, 2025	450.96	457.17	449.50	456.85	453.41	1,449,200
Sep 3, 2025	451.07	452.00	446.69	449.06	445.68	1,541,800
Sep 2, 2025	3.3 Dividend
Sep 2, 2025	453.80	455.77	447.59	452.50	449.09	1,645,600
Aug 29, 2025	457.52	459.90	454.88	455.63	448.92	1,373,200
Aug 28, 2025	453.87	456.55	450.36	456.18	449.46	1,385,800
Aug 27, 2025	456.87	459.47	454.00	454.47	447.78	1,293,900
Aug 26, 2025	450.52	456.37	447.00	455.46	448.75	2,051,500
Aug 25, 2025	447.07	448.75	445.10	447.72	441.13	985,200
Aug 22, 2025	449.99	452.56	444.86	446.20	439.63	1,890,300
Aug 21, 2025	444.99	448.49	444.70	447.20	440.62	1,026,000
Aug 20, 2025	440.14	447.08	440.14	446.00	439.43	1,282,800
Aug 19, 2025	439.86	444.50	438.60	441.10	434.61	1,248,100
Aug 18, 2025	440.55	443.77	439.12	440.64	434.15	1,154,400
Aug 15, 2025	437.84	441.43	436.46	437.56	431.12	1,501,700
Aug 14, 2025	436.04	443.90	434.84	437.32	430.88	1,733,600
Aug 13, 2025	432.52	443.45	431.42	442.57	436.05	1,890,600
Aug 12, 2025	425.92	431.59	425.00	431.56	425.21	1,492,100
Aug 11, 2025	426.00	427.82	424.12	426.26	419.98	1,462,100
Aug 8, 2025	431.19	433.59	423.91	425.63	419.36	1,477,600
Aug 7, 2025	430.43	434.85	428.05	430.75	424.41	1,490,000
Aug 6, 2025	427.77	436.62	427.66	434.85	428.45	2,032,300
Aug 5, 2025	423.33	430.07	421.86	428.24	421.93	1,643,900
Aug 4, 2025	420.00	424.60	419.00	423.70	417.46	1,548,200
Aug 1, 2025	420.76	423.96	417.00	421.01	414.81	2,006,300
Jul 31, 2025	417.13	422.58	412.55	420.98	414.78	2,178,000
Jul 30, 2025	420.13	422.80	417.15	418.68	412.52	1,632,100
Jul 29, 2025	422.74	423.65	417.35	420.13	413.94	2,428,800
Jul 28, 2025	425.90	428.86	421.17	421.34	415.14	2,423,700
Jul 25, 2025	421.54	425.67	418.51	421.17	414.97	2,461,800
Jul 24, 2025	421.00	426.88	420.13	420.55	414.36	3,083,900
Jul 23, 2025	413.76	423.37	411.00	419.39	413.22	4,578,600
Jul 22, 2025	422.75	437.45	410.11	410.74	404.69	8,886,500
Jul 21, 2025	464.64	467.36	460.53	460.53	453.75	1,577,800
Jul 18, 2025	469.22	471.21	460.97	463.96	457.13	1,845,300
Jul 17, 2025	470.50	474.40	467.71	469.20	462.29	926,200
Jul 16, 2025	469.67	472.60	466.41	471.47	464.53	935,000
Jul 15, 2025	473.29	473.94	468.51	470.12	463.20	1,039,500
Jul 14, 2025	470.00	474.76	468.00	473.57	466.60	1,488,000
Jul 11, 2025	464.75	468.21	461.82	467.51	460.63	1,209,200
Jul 10, 2025	458.68	466.48	456.00	464.31	457.47	1,253,300
Jul 9, 2025	465.38	465.99	460.21	463.06	456.24	892,700
Jul 8, 2025	464.20	466.62	460.65	463.01	456.19	1,243,000
Jul 7, 2025	464.50	470.55	461.37	469.06	462.15	1,224,100
Jul 3, 2025	463.71	465.35	460.97	462.52	455.71	707,900
Jul 2, 2025	466.00	466.93	458.61	462.55	455.74	1,127,300
Jul 1, 2025	463.00	469.44	460.00	465.94	459.08	1,242,800
Jun 30, 2025	459.45	463.82	457.88	463.14	456.32	1,205,600
Jun 27, 2025	455.64	459.18	451.46	458.59	451.84	1,996,400
Jun 26, 2025	459.31	464.07	456.64	457.90	451.16	1,590,100
Jun 25, 2025	464.21	464.88	456.50	458.39	451.64	1,265,500
Jun 24, 2025	467.85	468.70	457.68	460.20	453.42	1,970,200
Jun 23, 2025	472.93	482.37	468.53	472.46	465.50	2,666,400
Jun 20, 2025	469.00	474.31	461.11	470.56	463.63	2,419,400
Jun 18, 2025	478.45	482.36	467.96	468.60	461.70	1,871,200
Jun 17, 2025	470.76	481.58	467.50	479.34	472.28	2,191,200
Jun 16, 2025	482.01	482.73	464.52	467.06	460.18	2,766,600
Jun 13, 2025	478.97	488.30	473.35	486.45	479.29	2,729,700
Jun 12, 2025	457.31	469.27	456.50	469.27	462.36	1,700,600
Jun 11, 2025	464.15	464.15	443.41	456.60	449.88	3,618,200
Jun 10, 2025	480.00	481.65	475.64	476.90	469.88	1,150,400
Jun 9, 2025	480.28	482.84	476.62	480.83	473.75	1,064,100
Jun 6, 2025	477.81	481.96	476.97	481.69	474.60	714,400
Jun 5, 2025	484.37	485.13	471.75	478.03	470.99	1,063,100
Jun 4, 2025	481.99	486.86	481.69	482.21	475.11	1,273,700
Jun 3, 2025	479.00	481.13	476.54	480.17	473.10	1,032,300
Jun 2, 2025	3.3 Dividend
Jun 2, 2025	478.26	479.73	474.00	478.82	471.77	1,154,200
May 30, 2025	473.67	482.38	471.06	482.38	472.03	2,196,300
May 29, 2025	467.93	474.56	465.32	473.69	463.52	851,000
May 28, 2025	477.54	478.98	469.00	469.98	459.89	956,500
May 27, 2025	470.80	476.85	468.66	476.85	466.62	1,548,000
May 23, 2025	467.96	469.55	465.56	468.88	458.82	866,700
May 22, 2025	468.79	472.87	467.12	470.45	460.35	885,000
May 21, 2025	480.84	480.93	470.05	470.28	460.19	1,435,100
May 20, 2025	471.23	477.10	470.89	475.82	465.61	1,058,500
May 19, 2025	469.41	474.44	467.78	473.06	462.91	1,199,700
May 16, 2025	466.21	468.49	462.66	468.32	458.27	1,319,200
May 15, 2025	458.97	465.41	455.03	465.14	455.16	1,758,700
May 14, 2025	460.84	461.80	445.06	449.18	439.54	2,129,700
May 13, 2025	472.81	472.81	459.14	459.83	449.96	1,859,400
May 12, 2025	473.50	475.69	465.78	473.16	463.00	1,364,500
May 9, 2025	475.27	476.63	468.08	473.52	463.36	978,800
May 8, 2025	473.00	479.00	471.73	474.53	464.34	1,093,100
May 7, 2025	468.40	474.90	467.06	471.32	461.20	1,204,400
May 6, 2025	469.77	471.16	463.46	468.21	458.16	1,135,400
May 5, 2025	474.00	474.49	469.34	471.56	461.44	1,150,200
May 2, 2025	484.75	491.07	467.51	472.80	462.65	2,090,500
May 1, 2025	476.00	479.45	473.00	477.72	467.47	986,400
Apr 30, 2025	478.27	478.61	471.13	477.75	467.50	1,095,000
Apr 29, 2025	475.98	479.30	473.35	475.88	465.67	897,100
Apr 28, 2025	479.31	483.79	474.29	476.29	466.07	1,159,700
Apr 25, 2025	469.99	478.46	467.90	477.64	467.39	1,521,700
Apr 24, 2025	465.77	467.59	460.16	466.81	456.79	1,105,000
Apr 23, 2025	467.00	471.39	457.65	463.55	453.60	1,352,700
Apr 22, 2025	458.05	470.77	442.35	462.08	452.16	2,878,000
Apr 21, 2025	459.26	463.23	452.79	458.33	448.49	1,532,900
Apr 17, 2025	461.64	469.67	448.39	464.08	454.12	3,052,800
Apr 16, 2025	477.33	482.82	474.53	477.08	466.84	1,529,700
Apr 15, 2025	474.27	475.34	468.00	469.58	459.50	1,224,300
Apr 14, 2025	472.80	478.75	467.59	475.34	465.14	1,079,600
Apr 11, 2025	464.33	478.18	460.32	474.90	464.71	1,452,300
Apr 10, 2025	460.00	469.10	450.38	463.70	453.75	1,832,600
Apr 9, 2025	439.25	468.33	435.38	462.24	452.32	2,291,600
Apr 8, 2025	448.44	451.39	437.43	443.36	433.84	2,151,500
Apr 7, 2025	422.20	438.91	418.88	430.82	421.57	1,968,100
Apr 4, 2025	450.00	454.93	432.13	432.15	422.87	2,392,700
Apr 3, 2025	453.51	461.88	450.80	454.78	445.02	1,813,800
Apr 2, 2025	446.22	455.92	445.01	452.87	443.15	1,270,300
Apr 1, 2025	448.00	451.25	444.48	448.64	439.01	1,042,400
Mar 31, 2025	441.57	451.06	440.74	446.71	437.12	1,690,000
Mar 28, 2025	442.23	445.76	439.56	441.49	432.01	1,595,700
Mar 27, 2025	446.03	448.14	440.22	442.28	432.79	1,559,300
Mar 26, 2025	444.28	451.20	443.00	445.17	435.62	1,349,700
Mar 25, 2025	436.77	444.01	433.00	442.07	432.58	1,600,200
Mar 24, 2025	425.63	435.77	424.30	434.98	425.64	3,015,400
Mar 21, 2025	478.09	481.50	432.51	439.70	430.26	7,141,700
Mar 20, 2025	469.16	469.90	464.21	466.74	456.72	922,000
Mar 19, 2025	471.23	475.69	466.77	470.55	460.45	1,122,700
Mar 18, 2025	468.12	471.63	465.39	469.28	459.21	881,600
Mar 17, 2025	463.84	472.27	462.83	467.61	457.57	1,051,600
Mar 14, 2025	465.92	469.00	461.96	466.17	456.16	972,400
Mar 13, 2025	460.05	468.53	459.86	467.93	457.89	1,159,200
Mar 12, 2025	465.14	466.82	456.00	461.50	451.59	1,271,500
Mar 11, 2025	476.71	478.65	466.54	468.88	458.82	1,456,900
Mar 10, 2025	475.46	494.20	473.70	479.17	468.89	2,284,400
Mar 7, 2025	458.00	477.49	458.00	473.65	463.48	2,168,700
Mar 6, 2025	461.32	463.50	453.41	461.50	451.59	1,395,800
Mar 5, 2025	451.13	463.48	449.37	460.42	450.54	2,060,100
Mar 4, 2025	450.78	463.74	448.49	448.82	439.19	2,268,700
Mar 3, 2025	3.3 Dividend
Mar 3, 2025	452.87	454.43	448.83	451.94	442.24	1,579,400
Feb 28, 2025	447.00	450.80	445.03	450.37	437.47	1,433,600
Feb 27, 2025	442.19	447.08	441.45	446.46	433.68	1,458,100
Feb 26, 2025	445.83	448.00	439.34	441.50	428.86	1,466,900
Feb 25, 2025	441.75	451.67	441.00	448.46	435.62	1,715,500
Feb 24, 2025	442.00	448.28	438.54	440.27	427.66	1,946,200
Feb 21, 2025	436.39	443.73	435.67	440.72	428.10	1,652,400
Feb 20, 2025	429.58	438.00	429.31	436.29	423.80	1,358,000
Feb 19, 2025	431.00	438.00	425.58	432.95	420.55	2,802,100
Feb 18, 2025	429.69	432.93	423.50	428.54	416.27	2,812,500
Feb 14, 2025	433.55	435.16	419.70	423.19	411.07	3,252,800
Feb 13, 2025	442.50	445.30	432.01	434.72	422.27	2,400,000
Feb 12, 2025	447.26	449.14	441.05	441.97	429.31	1,282,800
Feb 11, 2025	447.90	451.80	445.00	449.36	436.49	906,100
Feb 10, 2025	444.80	448.94	440.71	448.22	435.39	1,427,800
Feb 7, 2025	449.90	451.50	443.78	444.39	431.67	1,347,400
Feb 6, 2025	450.00	452.17	444.63	448.52	435.68	1,291,800
Feb 5, 2025	457.00	457.10	448.77	449.87	436.99	1,139,700
Feb 4, 2025	454.00	455.41	451.26	453.68	440.69	1,234,200
Feb 3, 2025	458.80	461.33	453.58	455.42	442.38	1,476,300
Jan 31, 2025	460.00	464.23	457.15	462.95	449.69	1,473,800
Jan 30, 2025	456.58	459.89	451.32	459.65	446.49	1,911,800
Related Tickers


NOC
Northrop Grumman Corporation
695.35
+0.90%
 
RTX
RTX Corporation
199.88
+0.21%
 
GD
General Dynamics Corporation
349.95
-1.89%
 
BA
The Boeing Company
234.04
-3.13%
 
GE
GE Aerospace
298.86
+2.18%
 
LHX
L3Harris Technologies, Inc.
356.02
-1.19%
 
KTOS
Kratos Defense & Security Solutions, Inc.
108.16
-4.00%
 
AVAV
AeroVironment, Inc.
293.22
-4.47%
 
RKLB
Rocket Lab Corporation
85.68
-3.26%
 
RDW
Redwire Corporation
12.81
-3.61%
 

Copyright © 2026 Yahoo. All rights reserved.
What's trending
Dow Jones
S&P 500
DAX Index
Nvidia
Tesla
DJT
Tariffs
Explore more
Mortgages
Credit Cards
Sectors
Crypto Heatmap
Financial News
About
Data Disclaimer
Help
Feedback
Sitemap
Licensing
What's New
About Our Ads
Premium Plans
Terms  and Privacy Policy
Your Privacy Choices 



